10 0.000000
10 0.000000
10 0.000000
12 0.000000
12 0.000000
12 0.000000
13 0.000000
13 0.000000
13 0.000000
14 0.000000
14 0.000000
14 0.000000
15 0.000000
15 0.000000
15 0.000000
20 0.000000
20 0.000000
20 0.000000
50 0.000000
50 0.000000
50 0.000000 
100 0.000000
100 0.000000
100 0.000000
500 0.015625 
500 0.015625
500 0.015625 
1000 0.046875 
1000 0.046875 
1000 0.046875 
2000 0.203125 
2000 0.187500 
2000 0.171875 
3000 0.406250 
3000 0.406250 
3000 0.406250 
3000 0.406250 
5000 1.125000 
5000 1.125000 
5000 1.125000 
8000 2.921875 
8000 2.875000 
8000 2.968750 
10000 4.500000 
10000 4.671875 
10000 4.640625 
15000 10.218750 
15000 10.281250 
15000 10.093750 
20000 17.906250 
20000 17.953125 
20000 18.031250 
50000 30.968750
50000 30.968750
50000 30.968750