10 0.000000
10 0.000000
10 0.000000
12 0.000000
12 0.000000
12 0.000000
13 0.000000
13 0.000000
13 0.000000
14 0.000000
14 0.000000
14 0.000000
15 0.000000
15 0.000000
15 0.000000
20 0.000000
20 0.000000
20 0.000000
50 0.000000
50 0.000000
50 0.000000 
100 0.000000
100 0.000000
100 0.000000
500 0.015625
500 0.000000 
500 0.000000
1000 0.015625 
1000 0.015625 
1000 0.015625 
2000 0.109375 
2000 0.109375 
2000 0.093750 
3000 0.218750 
3000 0.234375 
3000 0.234375 
3000 0.265625 
5000 0.609375 
5000 0.609375 
5000 0.609375 
8000 1.562500 
8000 1.562500 
8000 1.609375 
10000 2.500000 
10000 2.453125 
10000 2.453125 
15000 5.531250 
15000 5.515625 
15000 5.484375 
20000 10.187500 
20000 10.265625 
20000 10.453125 
50000 30.203125 
50000 30.125000 
50000 30.125000 
100000 87.593750 