10 0.000000 
10 0.000000 
10 0.000000 
12 0.000000 
12 0.000000 
12 0.000000 
13 0.000000 
13 0.000000 
13 0.000000 
14 0.000000 
14 0.000000 
14 0.000000 
15 0.000000 
15 0.000000 
15 0.000000 
20 0.000000 
20 0.000000 
20 0.000000 
50 0.000000 
50 0.000000 
50 0.000000 
100 0.000000 
100 0.000000 
100 0.000000 
500 0.015625 
500 0.015625 
500 0.015625 
1000 0.031250 
1000 0.031250 
1000 0.031250 
2000 0.093750 
2000 0.093750 
2000 0.093750 
3000 0.218750 
3000 0.218750 
3000 0.218750 
3000 0.218750 
5000 